13
43
56
43
82
77
2
81
28
71
86
85
55
18
39
89
66
86
92
72
84
4
11
80
94
9
77
62
60
100
68
19
62
22
29
89
53
57
8
90
82
45
38
31
64
79
45
83
77
4
33
46
67
50
48
49
73
32
33
89
75
71
80
77
26
58
74
36
4
86
58
93
36
91
25
2
83
53
53
15
83
10
60
47
89
11
90
100
35
18
4
7
13
98
31
70
59
71
33
51
8
64
75
47
57
35
48
40
31
78
50
4
87
84
67
86
37
2
93
17
7
99
27
74
11
53
1
48
7
39
46
17
39
46
33
59
73
2
19
10
91
45
66
31
57
35
87
89
62
65
80
52
12
99
28
98
90
27
26
45
88
14
79
77
77
14
98
51
57
40
81
78
98
100
87
9
40
35
3
95
44
81
57
31
5
70
43
50
85
75
4
9
95
42
10
13
6
55
3
64
94
24
15
42
71
53
20
99
81
90
4
32
7
66
1
37
6
32
59
79
3
29
89
47
79
97
96
82
39
41
99
70
64
92
25
68
89
67
44
23
19
9
72
72
54
36
15
47
25
44
46
64
49
15
29
35
87
59
79
25
16
30
38
68
85
94
48
73
99
46
30
85
33
93
13
56
83
70
41
40
68
64
40
6
60
46
89
38
69
7
70
93
6
52
2
21
74
85
80
17
59
53
11
90
52
90
95
29
19
16
20
10
98
73
46
69
74
74
23
55
74
73
60
70
42
9
71
74
71
93
64
30
76
41
85
7
73
38
41
100
5
31
43
61
29
90
3
91
26
75
51
69
19
5
63
3
17
25
38
97
61
31
42
40
62
41
16
14
22
15
93
53
52
61
97
8
47
50
86
33
45
15
5
17
93
73
96
86
5
33
94
95
65
39
93
26
52
86
56
39
5
68
94
72
4
49
97
77
72
57
78
76
16
32
40
22
49
69
9
55
74
13
74
24
37
35
96
66
14
15
26
59
9
39
75
10
47
43
41
65
56
3
33
61
58
44
98
54
12
27
9
91
60
33
21
67
14
38
9
5
51
58
89
41
4
3
8
13
41
84
10
96
25
73
27
16
57
37
28
26
61
28
99
44
48
60
28
97
79
53
45
51
88
59
74
92
72
35
15
66
90
65
38
90
87
5
62
60
9
51
28
74
44
35
50
26
32
53
30
63
68
99
32
77
10
53
40
4
10
70
60
12
98
98
42
41
73
75
94
8
19
22
78
56
5
81
90
65
14
68
56
86
34
3
87
85
33
53
81
44
58
44
93
24
80
27
96
93
31
82
27
97
19
80
95
84
60
9
61
79
88
96
88
30
59
53
16
10
64
47
40
46
80
20
93
61
58
32
100
49
22
37
65
44
96
73
94
83
17
34
95
59
38
48
46
5
86
61
23
34
58
56
25
41
12
29
9
83
25
92
70
61
20
71
37
68
85
78
22
77
41
98
94
31
33
74
33
80
11
34
19
31
32
56
44
25
49
30
96
57
92
92
78
18
41
40
52
78
48
14
91
12
97
5
29
89
72
98
73
34
1
92
60
85
2
19
96
70
65
66
18
82
91
11
84
50
82
23
20
2
74
5
26
5
58
78
78
86
24
69
26
16
57
20
37
96
77
19
12
100
86
1
35
51
58
9
41
74
41
52
80
57
4
45
38
27
75
30
20
19
35
17
28
56
58
75
44
91
11
3
19
89
57
99
25
2
31
49
26
74
33
38
13
20
29
86
75
51
89
97
62
44
85
1
79
25
70
98
75
17
2
1
7
63
43
95
87
2
68
73
100
84
21
57
92
66
30
4
5
43
98
42
57
39
12
55
36
22
94
28
40
48
22
36
38
96
56
69
14
30
47
90
28
69
56
83
63
89
66
37
47
16
63
90
48
6
4
12
93
100
76
67
43
51
87
61
6
9
25
2
55
69
5
21
39
46
1
3
85
28
88
25
63
88
15
27
54
54
79
96
14
48
55
27
71
31
77
54
63
68
78
8
16
79
9
76
77
75
82
98
69
81
29
93
95
55
14
94
6
56
99
60
78
85
38
24
50
84
50
64
74
90
21
29
23
3
14
30
10
92
62
84
68
71
31
73
99
52
27
67
53
35
44
61
78
28
38
94
22
72
27
65
89
78
87
44
39
58
27
76
66
56
16
51
60
42
88
54
54
9
88
86
17
60
73
83
64
26
30
41
42
99
56
51
63
56
75
81
40
36
92
2
95
21
3
1
96
28
97
9
61
78
65
81
77
83
99
23
28
81
50
